- 10050 202501      THUNDER BAY, ONTARIO             18320024825 8913      EST1
5 10050 2025010110      99999999999999999999999999999999999999999999999999
5 10050 2025011120      99999999999999999999999999999999999999999999999999
5 10050 20250121319999999999999999999999999999999999999999999999999999999999999
6 10050 202501     9999999999999999999999 999 99
- 10050 202502      THUNDER BAY, ONTARIO             18320024825 8913      EST1
5 10050 2025020110      99999999999999999999999999999999999999999999999999
5 10050 2025021120      99999999999999999999999999999999999999999999999999
5 10050 20250221289999999999999999999999999999999999999999999999
6 10050 202502     9999999999999999999999 999 99
- 10050 202503      THUNDER BAY, ONTARIO             18320024825 8913      EST1
5 10050 2025030110      99999999999999999999999999999999999999999999999999
5 10050 2025031120      99999999999999999999999999999999999999999999999999
5 10050 20250321319999999999999999999999999999999999999999999999999999999999999
6 10050 202503     9999999999999999999999 999 99
- 10050 202504      THUNDER BAY, ONTARIO             18320024825 8913      EST1
5 10050 2025040110      99999999999999999999999999999999999999999999999999
5 10050 2025041120      99999999999999999999999999999999999999999999999999
5 10050 202504213099999999999999999999999999999999999999999999999999999999
6 10050 202504     9999999999999999999999 999 99
- 10050 202505      THUNDER BAY, ONTARIO             18320024825 8913      EST1
5 10050 2025050110      99999999999999999999999999999999999999999999999999
5 10050 2025051120      99999999999999999999999999999999999999999999999999
5 10050 20250521319999999999999999999999999999999999999999999999999999999999999
6 10050 202505     9999999999999999999999 999 99
- 10050 202506      THUNDER BAY, ONTARIO             18320024825 8913      EST1
5 10050 2025060110      99999999999999999999999999999999999999999999999999
5 10050 2025061120      99999999999999999999999999999999999999999999999999
5 10050 202506213099999999999999999999999999999999999999999999999999999999
6 10050 202506     9999999999999999999999 999 99
- 10050 202507      THUNDER BAY, ONTARIO             18320024825 8913      EST1
5 10050 2025070110      99999999999999999999999999999999999999999999999999
5 10050 2025071120      99999999999999999999999999999999999999999999999999
5 10050 20250721319999999999999999999999999999999999999999999999999999999999999
6 10050 202507     9999999999999999999999 999 99
- 10050 202508      THUNDER BAY, ONTARIO             18320024825 8913      EST1
5 10050 2025080110      99999999999999999999999999999999999999999999999999
5 10050 2025081120      99999999999999999999999999999999999999999999999999
5 10050 20250821319999999999999999999999999999999999999999999999999999999999999
6 10050 202508     9999999999999999999999 999 99
- 10050 202509      THUNDER BAY, ONTARIO             18320024825 8913      EST1
5 10050 2025090110      99999999999999999999999999999999999999999999999999
5 10050 2025091120      99999999999999999999999999999999999999999999999999
5 10050 202509213099999999999999999999999999999999999999999999999999999999
6 10050 202509     9999999999999999999999 999 99
- 10050 202510      THUNDER BAY, ONTARIO             18320024825 8913      EST1
5 10050 2025100110      99999999999999999999999999999999999999999999999999
5 10050 2025101120      99999999999999999999999999999999999999999999999999
5 10050 20251021319999999999999999999999999999999999999999999999999999999999999
6 10050 202510     9999999999999999999999 999 99
- 10050 202511      THUNDER BAY, ONTARIO             18320024825 8913      EST1
5 10050 2025110110      99999999999999999999999999999999999999999999999999
5 10050 2025111120      99999999999999999999999999999999999999999999999999
5 10050 202511213099999999999999999999999999999999999999999999999999999999
6 10050 202511     9999999999999999999999 999 99
- 10050 202512      THUNDER BAY, ONTARIO             18320024825 8913      EST1
5 10050 2025120110      99999999999999999999999999999999999999999999999999
5 10050 2025121120      99999999999999999999999999999999999999999999999999
5 10050 20251221319999999999999999999999999999999999999999999999999999999999999
6 10050 202512     9999999999999999999999 999 99
- 10220 202501      ROSSPORT, ONTARIO                18320024850 8731      EST1
5 10220 2025010110      99999999999999999999999999999999999999999999999999
5 10220 2025011120      99999999999999999999999999999999999999999999999999
5 10220 20250121319999999999999999999999999999999999999999999999999999999999999
6 10220 202501     9999999999999999999999 999 99
- 10220 202502      ROSSPORT, ONTARIO                18320024850 8731      EST1
5 10220 2025020110      99999999999999999999999999999999999999999999999999
5 10220 2025021120      99999999999999999999999999999999999999999999999999
5 10220 20250221289999999999999999999999999999999999999999999999
6 10220 202502     9999999999999999999999 999 99
- 10220 202503      ROSSPORT, ONTARIO                18320024850 8731      EST1
5 10220 2025030110      99999999999999999999999999999999999999999999999999
5 10220 2025031120      99999999999999999999999999999999999999999999999999
5 10220 20250321319999999999999999999999999999999999999999999999999999999999999
6 10220 202503     9999999999999999999999 999 99
- 10220 202504      ROSSPORT, ONTARIO                18320024850 8731      EST1
5 10220 2025040110      99999999999999999999999999999999999999999999999999
5 10220 2025041120      99999999999999999999999999999999999999999999999999
5 10220 202504213099999999999999999999999999999999999999999999999999999999
6 10220 202504     9999999999999999999999 999 99
- 10220 202505      ROSSPORT, ONTARIO                18320024850 8731      EST1
5 10220 2025050110      99999999999999999999999999999999999999999999999999
5 10220 2025051120      99999999999999999999999999999999999999999999999999
5 10220 20250521319999999999999999999999999999999999999999999999999999999999999
6 10220 202505     9999999999999999999999 999 99
- 10220 202506      ROSSPORT, ONTARIO                18320024850 8731      EST1
5 10220 2025060110      99999999999999999999999999999999999999999999999999
5 10220 2025061120      99999999999999999999999999999999999999999999999999
5 10220 202506213099999999999999999999999999999999999999999999999999999999
6 10220 202506     9999999999999999999999 999 99
- 10220 202507      ROSSPORT, ONTARIO                18320024850 8731      EST1
5 10220 2025070110      99999999999999999999999999999999999999999999999999
5 10220 2025071120      99999999999999999999999999999999999999999999999999
5 10220 20250721319999999999999999999999999999999999999999999999999999999999999
6 10220 202507     9999999999999999999999 999 99
- 10220 202508      ROSSPORT, ONTARIO                18320024850 8731      EST1
5 10220 2025080110      99999999999999999999999999999999999999999999999999
5 10220 2025081120      99999999999999999999999999999999999999999999999999
5 10220 20250821319999999999999999999999999999999999999999999999999999999999999
6 10220 202508     9999999999999999999999 999 99
- 10220 202509      ROSSPORT, ONTARIO                18320024850 8731      EST1
5 10220 2025090110      99999999999999999999999999999999999999999999999999
5 10220 2025091120      99999999999999999999999999999999999999999999999999
5 10220 202509213099999999999999999999999999999999999999999999999999999999
6 10220 202509     9999999999999999999999 999 99
- 10220 202510      ROSSPORT, ONTARIO                18320024850 8731      EST1
5 10220 2025100110      99999999999999999999999999999999999999999999999999
5 10220 2025101120      99999999999999999999999999999999999999999999999999
5 10220 20251021319999999999999999999999999999999999999999999999999999999999999
6 10220 202510     9999999999999999999999 999 99
- 10220 202511      ROSSPORT, ONTARIO                18320024850 8731      EST1
5 10220 2025110110      99999999999999999999999999999999999999999999999999
5 10220 2025111120      99999999999999999999999999999999999999999999999999
5 10220 202511213099999999999999999999999999999999999999999999999999999999
6 10220 202511     9999999999999999999999 999 99
- 10220 202512      ROSSPORT, ONTARIO                18320024850 8731      EST1
5 10220 2025120110      99999999999999999999999999999999999999999999999999
5 10220 2025121120      99999999999999999999999999999999999999999999999999
5 10220 20251221319999999999999999999999999999999999999999999999999999999999999
6 10220 202512     9999999999999999999999 999 99
- 10750 202501      MICHIPICOTEN, ONTARIO            18320024758 8454      EST1
5 10750 2025010110      99999999999999999999999999999999999999999999999999
5 10750 2025011120      99999999999999999999999999999999999999999999999999
5 10750 20250121319999999999999999999999999999999999999999999999999999999999999
6 10750 202501     9999999999999999999999 999 99
- 10750 202502      MICHIPICOTEN, ONTARIO            18320024758 8454      EST1
5 10750 2025020110      99999999999999999999999999999999999999999999999999
5 10750 2025021120      99999999999999999999999999999999999999999999999999
5 10750 20250221289999999999999999999999999999999999999999999999
6 10750 202502     9999999999999999999999 999 99
- 10750 202503      MICHIPICOTEN, ONTARIO            18320024758 8454      EST1
5 10750 2025030110      99999999999999999999999999999999999999999999999999
5 10750 2025031120      99999999999999999999999999999999999999999999999999
5 10750 20250321319999999999999999999999999999999999999999999999999999999999999
6 10750 202503     9999999999999999999999 999 99
- 10750 202504      MICHIPICOTEN, ONTARIO            18320024758 8454      EST1
5 10750 2025040110      99999999999999999999999999999999999999999999999999
5 10750 2025041120      99999999999999999999999999999999999999999999999999
5 10750 202504213099999999999999999999999999999999999999999999999999999999
6 10750 202504     9999999999999999999999 999 99
- 10750 202505      MICHIPICOTEN, ONTARIO            18320024758 8454      EST1
5 10750 2025050110      99999999999999999999999999999999999999999999999999
5 10750 2025051120      99999999999999999999999999999999999999999999999999
5 10750 20250521319999999999999999999999999999999999999999999999999999999999999
6 10750 202505     9999999999999999999999 999 99
- 10750 202506      MICHIPICOTEN, ONTARIO            18320024758 8454      EST1
5 10750 2025060110      99999999999999999999999999999999999999999999999999
5 10750 2025061120      99999999999999999999999999999999999999999999999999
5 10750 202506213099999999999999999999999999999999999999999999999999999999
6 10750 202506     9999999999999999999999 999 99
- 10750 202507      MICHIPICOTEN, ONTARIO            18320024758 8454      EST1
5 10750 2025070110      99999999999999999999999999999999999999999999999999
5 10750 2025071120      99999999999999999999999999999999999999999999999999
5 10750 20250721319999999999999999999999999999999999999999999999999999999999999
6 10750 202507     9999999999999999999999 999 99
- 10750 202508      MICHIPICOTEN, ONTARIO            18320024758 8454      EST1
5 10750 2025080110      99999999999999999999999999999999999999999999999999
5 10750 2025081120      99999999999999999999999999999999999999999999999999
5 10750 20250821319999999999999999999999999999999999999999999999999999999999999
6 10750 202508     9999999999999999999999 999 99
- 10750 202509      MICHIPICOTEN, ONTARIO            18320024758 8454      EST1
5 10750 2025090110      99999999999999999999999999999999999999999999999999
5 10750 2025091120      99999999999999999999999999999999999999999999999999
5 10750 202509213099999999999999999999999999999999999999999999999999999999
6 10750 202509     9999999999999999999999 999 99
- 10750 202510      MICHIPICOTEN, ONTARIO            18320024758 8454      EST1
5 10750 2025100110      99999999999999999999999999999999999999999999999999
5 10750 2025101120      99999999999999999999999999999999999999999999999999
5 10750 20251021319999999999999999999999999999999999999999999999999999999999999
6 10750 202510     9999999999999999999999 999 99
- 10750 202511      MICHIPICOTEN, ONTARIO            18320024758 8454      EST1
5 10750 2025110110      99999999999999999999999999999999999999999999999999
5 10750 2025111120      99999999999999999999999999999999999999999999999999
5 10750 202511213099999999999999999999999999999999999999999999999999999999
6 10750 202511     9999999999999999999999 999 99
- 10750 202512      MICHIPICOTEN, ONTARIO            18320024758 8454      EST1
5 10750 2025120110      99999999999999999999999999999999999999999999999999
5 10750 2025121120      99999999999999999999999999999999999999999999999999
5 10750 20251221319999999999999999999999999999999999999999999999999999999999999
6 10750 202512     9999999999999999999999 999 99
- 10920 202501      GROS CAP, ONTARIO                18320024850 8731      EST1
5 10920 2025010110      99999999999999999999999999999999999999999999999999
5 10920 2025011120      99999999999999999999999999999999999999999999999999
5 10920 20250121319999999999999999999999999999999999999999999999999999999999999
6 10920 202501     9999999999999999999999 999 99
- 10920 202502      GROS CAP, ONTARIO                18320024850 8731      EST1
5 10920 2025020110      99999999999999999999999999999999999999999999999999
5 10920 2025021120      99999999999999999999999999999999999999999999999999
5 10920 20250221289999999999999999999999999999999999999999999999
6 10920 202502     9999999999999999999999 999 99
- 10920 202503      GROS CAP, ONTARIO                18320024850 8731      EST1
5 10920 2025030110      99999999999999999999999999999999999999999999999999
5 10920 2025031120      99999999999999999999999999999999999999999999999999
5 10920 20250321319999999999999999999999999999999999999999999999999999999999999
6 10920 202503     9999999999999999999999 999 99
- 10920 202504      GROS CAP, ONTARIO                18320024850 8731      EST1
5 10920 2025040110      99999999999999999999999999999999999999999999999999
5 10920 2025041120      99999999999999999999999999999999999999999999999999
5 10920 202504213099999999999999999999999999999999999999999999999999999999
6 10920 202504     9999999999999999999999 999 99
- 10920 202505      GROS CAP, ONTARIO                18320024850 8731      EST1
5 10920 2025050110      99999999999999999999999999999999999999999999999999
5 10920 2025051120      99999999999999999999999999999999999999999999999999
5 10920 20250521319999999999999999999999999999999999999999999999999999999999999
6 10920 202505     9999999999999999999999 999 99
- 10920 202506      GROS CAP, ONTARIO                18320024850 8731      EST1
5 10920 2025060110      99999999999999999999999999999999999999999999999999
5 10920 2025061120      99999999999999999999999999999999999999999999999999
5 10920 202506213099999999999999999999999999999999999999999999999999999999
6 10920 202506     9999999999999999999999 999 99
- 10920 202507      GROS CAP, ONTARIO                18320024850 8731      EST1
5 10920 2025070110      99999999999999999999999999999999999999999999999999
5 10920 2025071120      99999999999999999999999999999999999999999999999999
5 10920 20250721319999999999999999999999999999999999999999999999999999999999999
6 10920 202507     9999999999999999999999 999 99
- 10920 202508      GROS CAP, ONTARIO                18320024850 8731      EST1
5 10920 2025080110      99999999999999999999999999999999999999999999999999
5 10920 2025081120      99999999999999999999999999999999999999999999999999
5 10920 20250821319999999999999999999999999999999999999999999999999999999999999
6 10920 202508     9999999999999999999999 999 99
- 10920 202509      GROS CAP, ONTARIO                18320024850 8731      EST1
5 10920 2025090110      99999999999999999999999999999999999999999999999999
5 10920 2025091120      99999999999999999999999999999999999999999999999999
5 10920 202509213099999999999999999999999999999999999999999999999999999999
6 10920 202509     9999999999999999999999 999 99
- 10920 202510      GROS CAP, ONTARIO                18320024850 8731      EST1
5 10920 2025100110      99999999999999999999999999999999999999999999999999
5 10920 2025101120      99999999999999999999999999999999999999999999999999
5 10920 20251021319999999999999999999999999999999999999999999999999999999999999
6 10920 202510     9999999999999999999999 999 99
- 10920 202511      GROS CAP, ONTARIO                18320024850 8731      EST1
5 10920 2025110110      99999999999999999999999999999999999999999999999999
5 10920 2025111120      99999999999999999999999999999999999999999999999999
5 10920 202511213099999999999999999999999999999999999999999999999999999999
6 10920 202511     9999999999999999999999 999 99
- 10920 202512      GROS CAP, ONTARIO                18320024850 8731      EST1
5 10920 2025120110      99999999999999999999999999999999999999999999999999
5 10920 2025121120      99999999999999999999999999999999999999999999999999
5 10920 20251221319999999999999999999999999999999999999999999999999999999999999
6 10920 202512     9999999999999999999999 999 99
- 10980 202501      SAULT STE MARIE, ONTARIO         18300024631 8422      EST1
5 10980 2025010110      99999999999999999999999999999999999999999999999999
5 10980 2025011120      99999999999999999999999999999999999999999999999999
5 10980 20250121319999999999999999999999999999999999999999999999999999999999999
6 10980 202501     9999999999999999999999 999 99
- 10980 202502      SAULT STE MARIE, ONTARIO         18300024631 8422      EST1
5 10980 2025020110      99999999999999999999999999999999999999999999999999
5 10980 2025021120      99999999999999999999999999999999999999999999999999
5 10980 20250221289999999999999999999999999999999999999999999999
6 10980 202502     9999999999999999999999 999 99
- 10980 202503      SAULT STE MARIE, ONTARIO         18300024631 8422      EST1
5 10980 2025030110      99999999999999999999999999999999999999999999999999
5 10980 2025031120      99999999999999999999999999999999999999999999999999
5 10980 20250321319999999999999999999999999999999999999999999999999999999999999
6 10980 202503     9999999999999999999999 999 99
- 10980 202504      SAULT STE MARIE, ONTARIO         18300024631 8422      EST1
5 10980 2025040110      99999999999999999999999999999999999999999999999999
5 10980 2025041120      99999999999999999999999999999999999999999999999999
5 10980 202504213099999999999999999999999999999999999999999999999999999999
6 10980 202504     9999999999999999999999 999 99
- 10980 202505      SAULT STE MARIE, ONTARIO         18300024631 8422      EST1
5 10980 2025050110      99999999999999999999999999999999999999999999999999
5 10980 2025051120      99999999999999999999999999999999999999999999999999
5 10980 20250521319999999999999999999999999999999999999999999999999999999999999
6 10980 202505     9999999999999999999999 999 99
- 10980 202506      SAULT STE MARIE, ONTARIO         18300024631 8422      EST1
5 10980 2025060110      99999999999999999999999999999999999999999999999999
5 10980 2025061120      99999999999999999999999999999999999999999999999999
5 10980 202506213099999999999999999999999999999999999999999999999999999999
6 10980 202506     9999999999999999999999 999 99
- 10980 202507      SAULT STE MARIE, ONTARIO         18300024631 8422      EST1
5 10980 2025070110      99999999999999999999999999999999999999999999999999
5 10980 2025071120      99999999999999999999999999999999999999999999999999
5 10980 20250721319999999999999999999999999999999999999999999999999999999999999
6 10980 202507     9999999999999999999999 999 99
- 10980 202508      SAULT STE MARIE, ONTARIO         18300024631 8422      EST1
5 10980 2025080110      99999999999999999999999999999999999999999999999999
5 10980 2025081120      99999999999999999999999999999999999999999999999999
5 10980 20250821319999999999999999999999999999999999999999999999999999999999999
6 10980 202508     9999999999999999999999 999 99
- 10980 202509      SAULT STE MARIE, ONTARIO         18300024631 8422      EST1
5 10980 2025090110      99999999999999999999999999999999999999999999999999
5 10980 2025091120      99999999999999999999999999999999999999999999999999
5 10980 202509213099999999999999999999999999999999999999999999999999999999
6 10980 202509     9999999999999999999999 999 99
- 10980 202510      SAULT STE MARIE, ONTARIO         18300024631 8422      EST1
5 10980 2025100110      99999999999999999999999999999999999999999999999999
5 10980 2025101120      99999999999999999999999999999999999999999999999999
5 10980 20251021319999999999999999999999999999999999999999999999999999999999999
6 10980 202510     9999999999999999999999 999 99
- 10980 202511      SAULT STE MARIE, ONTARIO         18300024631 8422      EST1
5 10980 2025110110      99999999999999999999999999999999999999999999999999
5 10980 2025111120      99999999999999999999999999999999999999999999999999
5 10980 202511213099999999999999999999999999999999999999999999999999999999
6 10980 202511     9999999999999999999999 999 99
- 10980 202512      SAULT STE MARIE, ONTARIO         18300024631 8422      EST1
5 10980 2025120110      99999999999999999999999999999999999999999999999999
5 10980 2025121120      99999999999999999999999999999999999999999999999999
5 10980 20251221319999999999999999999999999999999999999999999999999999999999999
6 10980 202512     9999999999999999999999 999 99
- 11010 202501      SAULT STE MARIE, ONTARIO         17638024631 8421      EST1
5 11010 2025010110      99999999999999999999999999999999999999999999999999
5 11010 2025011120      99999999999999999999999999999999999999999999999999
5 11010 20250121319999999999999999999999999999999999999999999999999999999999999
6 11010 202501     9999999999999999999999 999 99
- 11010 202502      SAULT STE MARIE, ONTARIO         17638024631 8421      EST1
5 11010 2025020110      99999999999999999999999999999999999999999999999999
5 11010 2025021120      99999999999999999999999999999999999999999999999999
5 11010 20250221289999999999999999999999999999999999999999999999
6 11010 202502     9999999999999999999999 999 99
- 11010 202503      SAULT STE MARIE, ONTARIO         17638024631 8421      EST1
5 11010 2025030110      99999999999999999999999999999999999999999999999999
5 11010 2025031120      99999999999999999999999999999999999999999999999999
5 11010 20250321319999999999999999999999999999999999999999999999999999999999999
6 11010 202503     9999999999999999999999 999 99
- 11010 202504      SAULT STE MARIE, ONTARIO         17638024631 8421      EST1
5 11010 2025040110      99999999999999999999999999999999999999999999999999
5 11010 2025041120      99999999999999999999999999999999999999999999999999
5 11010 202504213099999999999999999999999999999999999999999999999999999999
6 11010 202504     9999999999999999999999 999 99
- 11010 202505      SAULT STE MARIE, ONTARIO         17638024631 8421      EST1
5 11010 2025050110      99999999999999999999999999999999999999999999999999
5 11010 2025051120      99999999999999999999999999999999999999999999999999
5 11010 20250521319999999999999999999999999999999999999999999999999999999999999
6 11010 202505     9999999999999999999999 999 99
- 11010 202506      SAULT STE MARIE, ONTARIO         17638024631 8421      EST1
5 11010 2025060110      99999999999999999999999999999999999999999999999999
5 11010 2025061120      99999999999999999999999999999999999999999999999999
5 11010 202506213099999999999999999999999999999999999999999999999999999999
6 11010 202506     9999999999999999999999 999 99
- 11010 202507      SAULT STE MARIE, ONTARIO         17638024631 8421      EST1
5 11010 2025070110      99999999999999999999999999999999999999999999999999
5 11010 2025071120      99999999999999999999999999999999999999999999999999
5 11010 20250721319999999999999999999999999999999999999999999999999999999999999
6 11010 202507     9999999999999999999999 999 99
- 11010 202508      SAULT STE MARIE, ONTARIO         17638024631 8421      EST1
5 11010 2025080110      99999999999999999999999999999999999999999999999999
5 11010 2025081120      99999999999999999999999999999999999999999999999999
5 11010 20250821319999999999999999999999999999999999999999999999999999999999999
6 11010 202508     9999999999999999999999 999 99
- 11010 202509      SAULT STE MARIE, ONTARIO         17638024631 8421      EST1
5 11010 2025090110      99999999999999999999999999999999999999999999999999
5 11010 2025091120      99999999999999999999999999999999999999999999999999
5 11010 202509213099999999999999999999999999999999999999999999999999999999
6 11010 202509     9999999999999999999999 999 99
- 11010 202510      SAULT STE MARIE, ONTARIO         17638024631 8421      EST1
5 11010 2025100110      99999999999999999999999999999999999999999999999999
5 11010 2025101120      99999999999999999999999999999999999999999999999999
5 11010 20251021319999999999999999999999999999999999999999999999999999999999999
6 11010 202510     9999999999999999999999 999 99
- 11010 202511      SAULT STE MARIE, ONTARIO         17638024631 8421      EST1
5 11010 2025110110      99999999999999999999999999999999999999999999999999
5 11010 2025111120      99999999999999999999999999999999999999999999999999
5 11010 202511213099999999999999999999999999999999999999999999999999999999
6 11010 202511     9999999999999999999999 999 99
- 11010 202512      SAULT STE MARIE, ONTARIO         17638024631 8421      EST1
5 11010 2025120110      99999999999999999999999999999999999999999999999999
5 11010 2025121120      99999999999999999999999999999999999999999999999999
5 11010 20251221319999999999999999999999999999999999999999999999999999999999999
6 11010 202512     9999999999999999999999 999 99
- 11070 202501      THESSALON, ONTARIO               17600024615 8333      EST1
5 11070 2025010110      99999999999999999999999999999999999999999999999999
5 11070 2025011120      99999999999999999999999999999999999999999999999999
5 11070 20250121319999999999999999999999999999999999999999999999999999999999999
6 11070 202501     9999999999999999999999 999 99
- 11070 202502      THESSALON, ONTARIO               17600024615 8333      EST1
5 11070 2025020110      99999999999999999999999999999999999999999999999999
5 11070 2025021120      99999999999999999999999999999999999999999999999999
5 11070 20250221289999999999999999999999999999999999999999999999
6 11070 202502     9999999999999999999999 999 99
- 11070 202503      THESSALON, ONTARIO               17600024615 8333      EST1
5 11070 2025030110      99999999999999999999999999999999999999999999999999
5 11070 2025031120      99999999999999999999999999999999999999999999999999
5 11070 20250321319999999999999999999999999999999999999999999999999999999999999
6 11070 202503     9999999999999999999999 999 99
- 11070 202504      THESSALON, ONTARIO               17600024615 8333      EST1
5 11070 2025040110      99999999999999999999999999999999999999999999999999
5 11070 2025041120      99999999999999999999999999999999999999999999999999
5 11070 202504213099999999999999999999999999999999999999999999999999999999
6 11070 202504     9999999999999999999999 999 99
- 11070 202505      THESSALON, ONTARIO               17600024615 8333      EST1
5 11070 2025050110      99999999999999999999999999999999999999999999999999
5 11070 2025051120      99999999999999999999999999999999999999999999999999
5 11070 20250521319999999999999999999999999999999999999999999999999999999999999
6 11070 202505     9999999999999999999999 999 99
- 11070 202506      THESSALON, ONTARIO               17600024615 8333      EST1
5 11070 2025060110      99999999999999999999999999999999999999999999999999
5 11070 2025061120      99999999999999999999999999999999999999999999999999
5 11070 202506213099999999999999999999999999999999999999999999999999999999
6 11070 202506     9999999999999999999999 999 99
- 11070 202507      THESSALON, ONTARIO               17600024615 8333      EST1
5 11070 2025070110      99999999999999999999999999999999999999999999999999
5 11070 2025071120      99999999999999999999999999999999999999999999999999
5 11070 20250721319999999999999999999999999999999999999999999999999999999999999
6 11070 202507     9999999999999999999999 999 99
- 11070 202508      THESSALON, ONTARIO               17600024615 8333      EST1
5 11070 2025080110      99999999999999999999999999999999999999999999999999
5 11070 2025081120      99999999999999999999999999999999999999999999999999
5 11070 20250821319999999999999999999999999999999999999999999999999999999999999
6 11070 202508     9999999999999999999999 999 99
- 11070 202509      THESSALON, ONTARIO               17600024615 8333      EST1
5 11070 2025090110      99999999999999999999999999999999999999999999999999
5 11070 2025091120      99999999999999999999999999999999999999999999999999
5 11070 202509213099999999999999999999999999999999999999999999999999999999
6 11070 202509     9999999999999999999999 999 99
- 11070 202510      THESSALON, ONTARIO               17600024615 8333      EST1
5 11070 2025100110      99999999999999999999999999999999999999999999999999
5 11070 2025101120      99999999999999999999999999999999999999999999999999
5 11070 20251021319999999999999999999999999999999999999999999999999999999999999
6 11070 202510     9999999999999999999999 999 99
- 11070 202511      THESSALON, ONTARIO               17600024615 8333      EST1
5 11070 2025110110      99999999999999999999999999999999999999999999999999
5 11070 2025111120      99999999999999999999999999999999999999999999999999
5 11070 202511213099999999999999999999999999999999999999999999999999999999
6 11070 202511     9999999999999999999999 999 99
- 11070 202512      THESSALON, ONTARIO               17600024615 8333      EST1
5 11070 2025120110      99999999999999999999999999999999999999999999999999
5 11070 2025121120      99999999999999999999999999999999999999999999999999
5 11070 20251221319999999999999999999999999999999999999999999999999999999999999
6 11070 202512     9999999999999999999999 999 99
- 11195 202501      LITTLE CURRENT, ONTARIO          17600024559 8156      EST1
5 11195 2025010110      99999999999999999999999999999999999999999999999999
5 11195 2025011120      99999999999999999999999999999999999999999999999999
5 11195 20250121319999999999999999999999999999999999999999999999999999999999999
6 11195 202501     9999999999999999999999 999 99
- 11195 202502      LITTLE CURRENT, ONTARIO          17600024559 8156      EST1
5 11195 2025020110      99999999999999999999999999999999999999999999999999
5 11195 2025021120      99999999999999999999999999999999999999999999999999
5 11195 20250221289999999999999999999999999999999999999999999999
6 11195 202502     9999999999999999999999 999 99
- 11195 202503      LITTLE CURRENT, ONTARIO          17600024559 8156      EST1
5 11195 2025030110      99999999999999999999999999999999999999999999999999
5 11195 2025031120      99999999999999999999999999999999999999999999999999
5 11195 20250321319999999999999999999999999999999999999999999999999999999999999
6 11195 202503     9999999999999999999999 999 99
- 11195 202504      LITTLE CURRENT, ONTARIO          17600024559 8156      EST1
5 11195 2025040110      99999999999999999999999999999999999999999999999999
5 11195 2025041120      99999999999999999999999999999999999999999999999999
5 11195 202504213099999999999999999999999999999999999999999999999999999999
6 11195 202504     9999999999999999999999 999 99
- 11195 202505      LITTLE CURRENT, ONTARIO          17600024559 8156      EST1
5 11195 2025050110      99999999999999999999999999999999999999999999999999
5 11195 2025051120      99999999999999999999999999999999999999999999999999
5 11195 20250521319999999999999999999999999999999999999999999999999999999999999
6 11195 202505     9999999999999999999999 999 99
- 11195 202506      LITTLE CURRENT, ONTARIO          17600024559 8156      EST1
5 11195 2025060110      99999999999999999999999999999999999999999999999999
5 11195 2025061120      99999999999999999999999999999999999999999999999999
5 11195 202506213099999999999999999999999999999999999999999999999999999999
6 11195 202506     9999999999999999999999 999 99
- 11195 202507      LITTLE CURRENT, ONTARIO          17600024559 8156      EST1
5 11195 2025070110      99999999999999999999999999999999999999999999999999
5 11195 2025071120      99999999999999999999999999999999999999999999999999
5 11195 20250721319999999999999999999999999999999999999999999999999999999999999
6 11195 202507     9999999999999999999999 999 99
- 11195 202508      LITTLE CURRENT, ONTARIO          17600024559 8156      EST1
5 11195 2025080110      99999999999999999999999999999999999999999999999999
5 11195 2025081120      99999999999999999999999999999999999999999999999999
5 11195 20250821319999999999999999999999999999999999999999999999999999999999999
6 11195 202508     9999999999999999999999 999 99
- 11195 202509      LITTLE CURRENT, ONTARIO          17600024559 8156      EST1
5 11195 2025090110      99999999999999999999999999999999999999999999999999
5 11195 2025091120      99999999999999999999999999999999999999999999999999
5 11195 202509213099999999999999999999999999999999999999999999999999999999
6 11195 202509     9999999999999999999999 999 99
- 11195 202510      LITTLE CURRENT, ONTARIO          17600024559 8156      EST1
5 11195 2025100110      99999999999999999999999999999999999999999999999999
5 11195 2025101120      99999999999999999999999999999999999999999999999999
5 11195 20251021319999999999999999999999999999999999999999999999999999999999999
6 11195 202510     9999999999999999999999 999 99
- 11195 202511      LITTLE CURRENT, ONTARIO          17600024559 8156      EST1
5 11195 2025110110      99999999999999999999999999999999999999999999999999
5 11195 2025111120      99999999999999999999999999999999999999999999999999
5 11195 202511213099999999999999999999999999999999999999999999999999999999
6 11195 202511     9999999999999999999999 999 99
- 11195 202512      LITTLE CURRENT, ONTARIO          17600024559 8156      EST1
5 11195 2025120110      99999999999999999999999999999999999999999999999999
5 11195 2025121120      99999999999999999999999999999999999999999999999999
5 11195 20251221319999999999999999999999999999999999999999999999999999999999999
6 11195 202512     9999999999999999999999 999 99
- 11375 202501      PARRY SOUND, ONTARIO             17600024520 8002      EST1
5 11375 2025010110      99999999999999999999999999999999999999999999999999
5 11375 2025011120      99999999999999999999999999999999999999999999999999
5 11375 20250121319999999999999999999999999999999999999999999999999999999999999
6 11375 202501     9999999999999999999999 999 99
- 11375 202502      PARRY SOUND, ONTARIO             17600024520 8002      EST1
5 11375 2025020110      99999999999999999999999999999999999999999999999999
5 11375 2025021120      99999999999999999999999999999999999999999999999999
5 11375 20250221289999999999999999999999999999999999999999999999
6 11375 202502     9999999999999999999999 999 99
- 11375 202503      PARRY SOUND, ONTARIO             17600024520 8002      EST1
5 11375 2025030110      99999999999999999999999999999999999999999999999999
5 11375 2025031120      99999999999999999999999999999999999999999999999999
5 11375 20250321319999999999999999999999999999999999999999999999999999999999999
6 11375 202503     9999999999999999999999 999 99
- 11375 202504      PARRY SOUND, ONTARIO             17600024520 8002      EST1
5 11375 2025040110      99999999999999999999999999999999999999999999999999
5 11375 2025041120      99999999999999999999999999999999999999999999999999
5 11375 202504213099999999999999999999999999999999999999999999999999999999
6 11375 202504     9999999999999999999999 999 99
- 11375 202505      PARRY SOUND, ONTARIO             17600024520 8002      EST1
5 11375 2025050110      99999999999999999999999999999999999999999999999999
5 11375 2025051120      99999999999999999999999999999999999999999999999999
5 11375 20250521319999999999999999999999999999999999999999999999999999999999999
6 11375 202505     9999999999999999999999 999 99
- 11375 202506      PARRY SOUND, ONTARIO             17600024520 8002      EST1
5 11375 2025060110      99999999999999999999999999999999999999999999999999
5 11375 2025061120      99999999999999999999999999999999999999999999999999
5 11375 202506213099999999999999999999999999999999999999999999999999999999
6 11375 202506     9999999999999999999999 999 99
- 11375 202507      PARRY SOUND, ONTARIO             17600024520 8002      EST1
5 11375 2025070110      99999999999999999999999999999999999999999999999999
5 11375 2025071120      99999999999999999999999999999999999999999999999999
5 11375 20250721319999999999999999999999999999999999999999999999999999999999999
6 11375 202507     9999999999999999999999 999 99
- 11375 202508      PARRY SOUND, ONTARIO             17600024520 8002      EST1
5 11375 2025080110      99999999999999999999999999999999999999999999999999
5 11375 2025081120      99999999999999999999999999999999999999999999999999
5 11375 20250821319999999999999999999999999999999999999999999999999999999999999
6 11375 202508     9999999999999999999999 999 99
- 11375 202509      PARRY SOUND, ONTARIO             17600024520 8002      EST1
5 11375 2025090110      99999999999999999999999999999999999999999999999999
5 11375 2025091120      99999999999999999999999999999999999999999999999999
5 11375 202509213099999999999999999999999999999999999999999999999999999999
6 11375 202509     9999999999999999999999 999 99
- 11375 202510      PARRY SOUND, ONTARIO             17600024520 8002      EST1
5 11375 2025100110      99999999999999999999999999999999999999999999999999
5 11375 2025101120      99999999999999999999999999999999999999999999999999
5 11375 20251021319999999999999999999999999999999999999999999999999999999999999
6 11375 202510     9999999999999999999999 999 99
- 11375 202511      PARRY SOUND, ONTARIO             17600024520 8002      EST1
5 11375 2025110110      99999999999999999999999999999999999999999999999999
5 11375 2025111120      99999999999999999999999999999999999999999999999999
5 11375 202511213099999999999999999999999999999999999999999999999999999999
6 11375 202511     9999999999999999999999 999 99
- 11375 202512      PARRY SOUND, ONTARIO             17600024520 8002      EST1
5 11375 2025120110      99999999999999999999999999999999999999999999999999
5 11375 2025121120      99999999999999999999999999999999999999999999999999
5 11375 20251221319999999999999999999999999999999999999999999999999999999999999
6 11375 202512     9999999999999999999999 999 99
- 11445 202501      MIDLAND, ONTARIO                 17600024445 7953      EST1
5 11445 2025010110      99999999999999999999999999999999999999999999999999
5 11445 2025011120      99999999999999999999999999999999999999999999999999
5 11445 20250121319999999999999999999999999999999999999999999999999999999999999
6 11445 202501     9999999999999999999999 999 99
- 11445 202502      MIDLAND, ONTARIO                 17600024445 7953      EST1
5 11445 2025020110      99999999999999999999999999999999999999999999999999
5 11445 2025021120      99999999999999999999999999999999999999999999999999
5 11445 20250221289999999999999999999999999999999999999999999999
6 11445 202502     9999999999999999999999 999 99
- 11445 202503      MIDLAND, ONTARIO                 17600024445 7953      EST1
5 11445 2025030110      99999999999999999999999999999999999999999999999999
5 11445 2025031120      99999999999999999999999999999999999999999999999999
5 11445 20250321319999999999999999999999999999999999999999999999999999999999999
6 11445 202503     9999999999999999999999 999 99
- 11445 202504      MIDLAND, ONTARIO                 17600024445 7953      EST1
5 11445 2025040110      99999999999999999999999999999999999999999999999999
5 11445 2025041120      99999999999999999999999999999999999999999999999999
5 11445 202504213099999999999999999999999999999999999999999999999999999999
6 11445 202504     9999999999999999999999 999 99
- 11445 202505      MIDLAND, ONTARIO                 17600024445 7953      EST1
5 11445 2025050110      99999999999999999999999999999999999999999999999999
5 11445 2025051120      99999999999999999999999999999999999999999999999999
5 11445 20250521319999999999999999999999999999999999999999999999999999999999999
6 11445 202505     9999999999999999999999 999 99
- 11445 202506      MIDLAND, ONTARIO                 17600024445 7953      EST1
5 11445 2025060110      99999999999999999999999999999999999999999999999999
5 11445 2025061120      99999999999999999999999999999999999999999999999999
5 11445 202506213099999999999999999999999999999999999999999999999999999999
6 11445 202506     9999999999999999999999 999 99
- 11445 202507      MIDLAND, ONTARIO                 17600024445 7953      EST1
5 11445 2025070110      99999999999999999999999999999999999999999999999999
5 11445 2025071120      99999999999999999999999999999999999999999999999999
5 11445 20250721319999999999999999999999999999999999999999999999999999999999999
6 11445 202507     9999999999999999999999 999 99
- 11445 202508      MIDLAND, ONTARIO                 17600024445 7953      EST1
5 11445 2025080110      99999999999999999999999999999999999999999999999999
5 11445 2025081120      99999999999999999999999999999999999999999999999999
5 11445 20250821319999999999999999999999999999999999999999999999999999999999999
6 11445 202508     9999999999999999999999 999 99
- 11445 202509      MIDLAND, ONTARIO                 17600024445 7953      EST1
5 11445 2025090110      99999999999999999999999999999999999999999999999999
5 11445 2025091120      99999999999999999999999999999999999999999999999999
5 11445 202509213099999999999999999999999999999999999999999999999999999999
6 11445 202509     9999999999999999999999 999 99
- 11445 202510      MIDLAND, ONTARIO                 17600024445 7953      EST1
5 11445 2025100110      99999999999999999999999999999999999999999999999999
5 11445 2025101120      99999999999999999999999999999999999999999999999999
5 11445 20251021319999999999999999999999999999999999999999999999999999999999999
6 11445 202510     9999999999999999999999 999 99
- 11445 202511      MIDLAND, ONTARIO                 17600024445 7953      EST1
5 11445 2025110110      99999999999999999999999999999999999999999999999999
5 11445 2025111120      99999999999999999999999999999999999999999999999999
5 11445 202511213099999999999999999999999999999999999999999999999999999999
6 11445 202511     9999999999999999999999 999 99
- 11445 202512      MIDLAND, ONTARIO                 17600024445 7953      EST1
5 11445 2025120110      99999999999999999999999999999999999999999999999999
5 11445 2025121120      99999999999999999999999999999999999999999999999999
5 11445 20251221319999999999999999999999999999999999999999999999999999999999999
6 11445 202512     9999999999999999999999 999 99
- 11500 202501      COLLINGWOOD, ONTARIO             17600024431 8013      EST1
5 11500 2025010110      99999999999999999999999999999999999999999999999999
5 11500 2025011120      99999999999999999999999999999999999999999999999999
5 11500 20250121319999999999999999999999999999999999999999999999999999999999999
6 11500 202501     9999999999999999999999 999 99
- 11500 202502      COLLINGWOOD, ONTARIO             17600024431 8013      EST1
5 11500 2025020110      99999999999999999999999999999999999999999999999999
5 11500 2025021120      99999999999999999999999999999999999999999999999999
5 11500 20250221289999999999999999999999999999999999999999999999
6 11500 202502     9999999999999999999999 999 99
- 11500 202503      COLLINGWOOD, ONTARIO             17600024431 8013      EST1
5 11500 2025030110      99999999999999999999999999999999999999999999999999
5 11500 2025031120      99999999999999999999999999999999999999999999999999
5 11500 20250321319999999999999999999999999999999999999999999999999999999999999
6 11500 202503     9999999999999999999999 999 99
- 11500 202504      COLLINGWOOD, ONTARIO             17600024431 8013      EST1
5 11500 2025040110      99999999999999999999999999999999999999999999999999
5 11500 2025041120      99999999999999999999999999999999999999999999999999
5 11500 202504213099999999999999999999999999999999999999999999999999999999
6 11500 202504     9999999999999999999999 999 99
- 11500 202505      COLLINGWOOD, ONTARIO             17600024431 8013      EST1
5 11500 2025050110      99999999999999999999999999999999999999999999999999
5 11500 2025051120      99999999999999999999999999999999999999999999999999
5 11500 20250521319999999999999999999999999999999999999999999999999999999999999
6 11500 202505     9999999999999999999999 999 99
- 11500 202506      COLLINGWOOD, ONTARIO             17600024431 8013      EST1
5 11500 2025060110      99999999999999999999999999999999999999999999999999
5 11500 2025061120      99999999999999999999999999999999999999999999999999
5 11500 202506213099999999999999999999999999999999999999999999999999999999
6 11500 202506     9999999999999999999999 999 99
- 11500 202507      COLLINGWOOD, ONTARIO             17600024431 8013      EST1
5 11500 2025070110      99999999999999999999999999999999999999999999999999
5 11500 2025071120      99999999999999999999999999999999999999999999999999
5 11500 20250721319999999999999999999999999999999999999999999999999999999999999
6 11500 202507     9999999999999999999999 999 99
- 11500 202508      COLLINGWOOD, ONTARIO             17600024431 8013      EST1
5 11500 2025080110      99999999999999999999999999999999999999999999999999
5 11500 2025081120      99999999999999999999999999999999999999999999999999
5 11500 20250821319999999999999999999999999999999999999999999999999999999999999
6 11500 202508     9999999999999999999999 999 99
- 11500 202509      COLLINGWOOD, ONTARIO             17600024431 8013      EST1
5 11500 2025090110      99999999999999999999999999999999999999999999999999
5 11500 2025091120      99999999999999999999999999999999999999999999999999
5 11500 202509213099999999999999999999999999999999999999999999999999999999
6 11500 202509     9999999999999999999999 999 99
- 11500 202510      COLLINGWOOD, ONTARIO             17600024431 8013      EST1
5 11500 2025100110      99999999999999999999999999999999999999999999999999
5 11500 2025101120      99999999999999999999999999999999999999999999999999
5 11500 20251021319999999999999999999999999999999999999999999999999999999999999
6 11500 202510     9999999999999999999999 999 99
- 11500 202511      COLLINGWOOD, ONTARIO             17600024431 8013      EST1
5 11500 2025110110      99999999999999999999999999999999999999999999999999
5 11500 2025111120      99999999999999999999999999999999999999999999999999
5 11500 202511213099999999999999999999999999999999999999999999999999999999
6 11500 202511     9999999999999999999999 999 99
- 11500 202512      COLLINGWOOD, ONTARIO             17600024431 8013      EST1
5 11500 2025120110      99999999999999999999999999999999999999999999999999
5 11500 2025121120      99999999999999999999999999999999999999999999999999
5 11500 20251221319999999999999999999999999999999999999999999999999999999999999
6 11500 202512     9999999999999999999999 999 99
- 11690 202501      TOBERMORY, ONTARIO               17600024515 8140      EST1
5 11690 2025010110      99999999999999999999999999999999999999999999999999
5 11690 2025011120      99999999999999999999999999999999999999999999999999
5 11690 20250121319999999999999999999999999999999999999999999999999999999999999
6 11690 202501     9999999999999999999999 999 99
- 11690 202502      TOBERMORY, ONTARIO               17600024515 8140      EST1
5 11690 2025020110      99999999999999999999999999999999999999999999999999
5 11690 2025021120      99999999999999999999999999999999999999999999999999
5 11690 20250221289999999999999999999999999999999999999999999999
6 11690 202502     9999999999999999999999 999 99
- 11690 202503      TOBERMORY, ONTARIO               17600024515 8140      EST1
5 11690 2025030110      99999999999999999999999999999999999999999999999999
5 11690 2025031120      99999999999999999999999999999999999999999999999999
5 11690 20250321319999999999999999999999999999999999999999999999999999999999999
6 11690 202503     9999999999999999999999 999 99
- 11690 202504      TOBERMORY, ONTARIO               17600024515 8140      EST1
5 11690 2025040110      99999999999999999999999999999999999999999999999999
5 11690 2025041120      99999999999999999999999999999999999999999999999999
5 11690 202504213099999999999999999999999999999999999999999999999999999999
6 11690 202504     9999999999999999999999 999 99
- 11690 202505      TOBERMORY, ONTARIO               17600024515 8140      EST1
5 11690 2025050110      99999999999999999999999999999999999999999999999999
5 11690 2025051120      99999999999999999999999999999999999999999999999999
5 11690 20250521319999999999999999999999999999999999999999999999999999999999999
6 11690 202505     9999999999999999999999 999 99
- 11690 202506      TOBERMORY, ONTARIO               17600024515 8140      EST1
5 11690 2025060110      99999999999999999999999999999999999999999999999999
5 11690 2025061120      99999999999999999999999999999999999999999999999999
5 11690 202506213099999999999999999999999999999999999999999999999999999999
6 11690 202506     9999999999999999999999 999 99
- 11690 202507      TOBERMORY, ONTARIO               17600024515 8140      EST1
5 11690 2025070110      99999999999999999999999999999999999999999999999999
5 11690 2025071120      99999999999999999999999999999999999999999999999999
5 11690 20250721319999999999999999999999999999999999999999999999999999999999999
6 11690 202507     9999999999999999999999 999 99
- 11690 202508      TOBERMORY, ONTARIO               17600024515 8140      EST1
5 11690 2025080110      99999999999999999999999999999999999999999999999999
5 11690 2025081120      99999999999999999999999999999999999999999999999999
5 11690 20250821319999999999999999999999999999999999999999999999999999999999999
6 11690 202508     9999999999999999999999 999 99
- 11690 202509      TOBERMORY, ONTARIO               17600024515 8140      EST1
5 11690 2025090110      99999999999999999999999999999999999999999999999999
5 11690 2025091120      99999999999999999999999999999999999999999999999999
5 11690 202509213099999999999999999999999999999999999999999999999999999999
6 11690 202509     9999999999999999999999 999 99
- 11690 202510      TOBERMORY, ONTARIO               17600024515 8140      EST1
5 11690 2025100110      99999999999999999999999999999999999999999999999999
5 11690 2025101120      99999999999999999999999999999999999999999999999999
5 11690 20251021319999999999999999999999999999999999999999999999999999999999999
6 11690 202510     9999999999999999999999 999 99
- 11690 202511      TOBERMORY, ONTARIO               17600024515 8140      EST1
5 11690 2025110110      99999999999999999999999999999999999999999999999999
5 11690 2025111120      99999999999999999999999999999999999999999999999999
5 11690 202511213099999999999999999999999999999999999999999999999999999999
6 11690 202511     9999999999999999999999 999 99
- 11690 202512      TOBERMORY, ONTARIO               17600024515 8140      EST1
5 11690 2025120110      99999999999999999999999999999999999999999999999999
5 11690 2025121120      99999999999999999999999999999999999999999999999999
5 11690 20251221319999999999999999999999999999999999999999999999999999999999999
6 11690 202512     9999999999999999999999 999 99
- 11860 202501      GODERICH, ONTARIO                17600024345 8144      EST1
5 11860 2025010110      99999999999999999999999999999999999999999999999999
5 11860 2025011120      99999999999999999999999999999999999999999999999999
5 11860 20250121319999999999999999999999999999999999999999999999999999999999999
6 11860 202501     9999999999999999999999 999 99
- 11860 202502      GODERICH, ONTARIO                17600024345 8144      EST1
5 11860 2025020110      99999999999999999999999999999999999999999999999999
5 11860 2025021120      99999999999999999999999999999999999999999999999999
5 11860 20250221289999999999999999999999999999999999999999999999
6 11860 202502     9999999999999999999999 999 99
- 11860 202503      GODERICH, ONTARIO                17600024345 8144      EST1
5 11860 2025030110      99999999999999999999999999999999999999999999999999
5 11860 2025031120      99999999999999999999999999999999999999999999999999
5 11860 20250321319999999999999999999999999999999999999999999999999999999999999
6 11860 202503     9999999999999999999999 999 99
- 11860 202504      GODERICH, ONTARIO                17600024345 8144      EST1
5 11860 2025040110      99999999999999999999999999999999999999999999999999
5 11860 2025041120      99999999999999999999999999999999999999999999999999
5 11860 202504213099999999999999999999999999999999999999999999999999999999
6 11860 202504     9999999999999999999999 999 99
- 11860 202505      GODERICH, ONTARIO                17600024345 8144      EST1
5 11860 2025050110      99999999999999999999999999999999999999999999999999
5 11860 2025051120      99999999999999999999999999999999999999999999999999
5 11860 20250521319999999999999999999999999999999999999999999999999999999999999
6 11860 202505     9999999999999999999999 999 99
- 11860 202506      GODERICH, ONTARIO                17600024345 8144      EST1
5 11860 2025060110      99999999999999999999999999999999999999999999999999
5 11860 2025061120      99999999999999999999999999999999999999999999999999
5 11860 202506213099999999999999999999999999999999999999999999999999999999
6 11860 202506     9999999999999999999999 999 99
- 11860 202507      GODERICH, ONTARIO                17600024345 8144      EST1
5 11860 2025070110      99999999999999999999999999999999999999999999999999
5 11860 2025071120      99999999999999999999999999999999999999999999999999
5 11860 20250721319999999999999999999999999999999999999999999999999999999999999
6 11860 202507     9999999999999999999999 999 99
- 11860 202508      GODERICH, ONTARIO                17600024345 8144      EST1
5 11860 2025080110      99999999999999999999999999999999999999999999999999
5 11860 2025081120      99999999999999999999999999999999999999999999999999
5 11860 20250821319999999999999999999999999999999999999999999999999999999999999
6 11860 202508     9999999999999999999999 999 99
- 11860 202509      GODERICH, ONTARIO                17600024345 8144      EST1
5 11860 2025090110      99999999999999999999999999999999999999999999999999
5 11860 2025091120      99999999999999999999999999999999999999999999999999
5 11860 202509213099999999999999999999999999999999999999999999999999999999
6 11860 202509     9999999999999999999999 999 99
- 11860 202510      GODERICH, ONTARIO                17600024345 8144      EST1
5 11860 2025100110      99999999999999999999999999999999999999999999999999
5 11860 2025101120      99999999999999999999999999999999999999999999999999
5 11860 20251021319999999999999999999999999999999999999999999999999999999999999
6 11860 202510     9999999999999999999999 999 99
- 11860 202511      GODERICH, ONTARIO                17600024345 8144      EST1
5 11860 2025110110      99999999999999999999999999999999999999999999999999
5 11860 2025111120      99999999999999999999999999999999999999999999999999
5 11860 202511213099999999999999999999999999999999999999999999999999999999
6 11860 202511     9999999999999999999999 999 99
- 11860 202512      GODERICH, ONTARIO                17600024345 8144      EST1
5 11860 2025120110      99999999999999999999999999999999999999999999999999
5 11860 2025121120      99999999999999999999999999999999999999999999999999
5 11860 20251221319999999999999999999999999999999999999999999999999999999999999
6 11860 202512     9999999999999999999999 999 99
- 11940 202501      POINT EDWARD, ONTARIO            17565024259 8225      EST1
5 11940 2025010110      99999999999999999999999999999999999999999999999999
5 11940 2025011120      99999999999999999999999999999999999999999999999999
5 11940 20250121319999999999999999999999999999999999999999999999999999999999999
6 11940 202501     9999999999999999999999 999 99
- 11940 202502      POINT EDWARD, ONTARIO            17565024259 8225      EST1
5 11940 2025020110      99999999999999999999999999999999999999999999999999
5 11940 2025021120      99999999999999999999999999999999999999999999999999
5 11940 20250221289999999999999999999999999999999999999999999999
6 11940 202502     9999999999999999999999 999 99
- 11940 202503      POINT EDWARD, ONTARIO            17565024259 8225      EST1
5 11940 2025030110      99999999999999999999999999999999999999999999999999
5 11940 2025031120      99999999999999999999999999999999999999999999999999
5 11940 20250321319999999999999999999999999999999999999999999999999999999999999
6 11940 202503     9999999999999999999999 999 99
- 11940 202504      POINT EDWARD, ONTARIO            17565024259 8225      EST1
5 11940 2025040110      99999999999999999999999999999999999999999999999999
5 11940 2025041120      99999999999999999999999999999999999999999999999999
5 11940 202504213099999999999999999999999999999999999999999999999999999999
6 11940 202504     9999999999999999999999 999 99
- 11940 202505      POINT EDWARD, ONTARIO            17565024259 8225      EST1
5 11940 2025050110      99999999999999999999999999999999999999999999999999
5 11940 2025051120      99999999999999999999999999999999999999999999999999
5 11940 20250521319999999999999999999999999999999999999999999999999999999999999
6 11940 202505     9999999999999999999999 999 99
- 11940 202506      POINT EDWARD, ONTARIO            17565024259 8225      EST1
5 11940 2025060110      99999999999999999999999999999999999999999999999999
5 11940 2025061120      99999999999999999999999999999999999999999999999999
5 11940 202506213099999999999999999999999999999999999999999999999999999999
6 11940 202506     9999999999999999999999 999 99
- 11940 202507      POINT EDWARD, ONTARIO            17565024259 8225      EST1
5 11940 2025070110      99999999999999999999999999999999999999999999999999
5 11940 2025071120      99999999999999999999999999999999999999999999999999
5 11940 20250721319999999999999999999999999999999999999999999999999999999999999
6 11940 202507     9999999999999999999999 999 99
- 11940 202508      POINT EDWARD, ONTARIO            17565024259 8225      EST1
5 11940 2025080110      99999999999999999999999999999999999999999999999999
5 11940 2025081120      99999999999999999999999999999999999999999999999999
5 11940 20250821319999999999999999999999999999999999999999999999999999999999999
6 11940 202508     9999999999999999999999 999 99
- 11940 202509      POINT EDWARD, ONTARIO            17565024259 8225      EST1
5 11940 2025090110      99999999999999999999999999999999999999999999999999
5 11940 2025091120      99999999999999999999999999999999999999999999999999
5 11940 202509213099999999999999999999999999999999999999999999999999999999
6 11940 202509     9999999999999999999999 999 99
- 11940 202510      POINT EDWARD, ONTARIO            17565024259 8225      EST1
5 11940 2025100110      99999999999999999999999999999999999999999999999999
5 11940 2025101120      99999999999999999999999999999999999999999999999999
5 11940 20251021319999999999999999999999999999999999999999999999999999999999999
6 11940 202510     9999999999999999999999 999 99
- 11940 202511      POINT EDWARD, ONTARIO            17565024259 8225      EST1
5 11940 2025110110      99999999999999999999999999999999999999999999999999
5 11940 2025111120      99999999999999999999999999999999999999999999999999
5 11940 202511213099999999999999999999999999999999999999999999999999999999
6 11940 202511     9999999999999999999999 999 99
- 11940 202512      POINT EDWARD, ONTARIO            17565024259 8225      EST1
5 11940 2025120110      99999999999999999999999999999999999999999999999999
5 11940 2025121120      99999999999999999999999999999999999999999999999999
5 11940 20251221319999999999999999999999999999999999999999999999999999999999999
6 11940 202512     9999999999999999999999 999 99
- 11950 202501      PORT LAMBTON, ONTARIO            17465024239 8230      EST1
5 11950 2025010110      99999999999999999999999999999999999999999999999999
5 11950 2025011120      99999999999999999999999999999999999999999999999999
5 11950 20250121319999999999999999999999999999999999999999999999999999999999999
6 11950 202501     9999999999999999999999 999 99
- 11950 202502      PORT LAMBTON, ONTARIO            17465024239 8230      EST1
5 11950 2025020110      99999999999999999999999999999999999999999999999999
5 11950 2025021120      99999999999999999999999999999999999999999999999999
5 11950 20250221289999999999999999999999999999999999999999999999
6 11950 202502     9999999999999999999999 999 99
- 11950 202503      PORT LAMBTON, ONTARIO            17465024239 8230      EST1
5 11950 2025030110      99999999999999999999999999999999999999999999999999
5 11950 2025031120      99999999999999999999999999999999999999999999999999
5 11950 20250321319999999999999999999999999999999999999999999999999999999999999
6 11950 202503     9999999999999999999999 999 99
- 11950 202504      PORT LAMBTON, ONTARIO            17465024239 8230      EST1
5 11950 2025040110      99999999999999999999999999999999999999999999999999
5 11950 2025041120      99999999999999999999999999999999999999999999999999
5 11950 202504213099999999999999999999999999999999999999999999999999999999
6 11950 202504     9999999999999999999999 999 99
- 11950 202505      PORT LAMBTON, ONTARIO            17465024239 8230      EST1
5 11950 2025050110      99999999999999999999999999999999999999999999999999
5 11950 2025051120      99999999999999999999999999999999999999999999999999
5 11950 20250521319999999999999999999999999999999999999999999999999999999999999
6 11950 202505     9999999999999999999999 999 99
- 11950 202506      PORT LAMBTON, ONTARIO            17465024239 8230      EST1
5 11950 2025060110      99999999999999999999999999999999999999999999999999
5 11950 2025061120      99999999999999999999999999999999999999999999999999
5 11950 202506213099999999999999999999999999999999999999999999999999999999
6 11950 202506     9999999999999999999999 999 99
- 11950 202507      PORT LAMBTON, ONTARIO            17465024239 8230      EST1
5 11950 2025070110      99999999999999999999999999999999999999999999999999
5 11950 2025071120      99999999999999999999999999999999999999999999999999
5 11950 20250721319999999999999999999999999999999999999999999999999999999999999
6 11950 202507     9999999999999999999999 999 99
- 11950 202508      PORT LAMBTON, ONTARIO            17465024239 8230      EST1
5 11950 2025080110      99999999999999999999999999999999999999999999999999
5 11950 2025081120      99999999999999999999999999999999999999999999999999
5 11950 20250821319999999999999999999999999999999999999999999999999999999999999
6 11950 202508     9999999999999999999999 999 99
- 11950 202509      PORT LAMBTON, ONTARIO            17465024239 8230      EST1
5 11950 2025090110      99999999999999999999999999999999999999999999999999
5 11950 2025091120      99999999999999999999999999999999999999999999999999
5 11950 202509213099999999999999999999999999999999999999999999999999999999
6 11950 202509     9999999999999999999999 999 99
- 11950 202510      PORT LAMBTON, ONTARIO            17465024239 8230      EST1
5 11950 2025100110      99999999999999999999999999999999999999999999999999
5 11950 2025101120      99999999999999999999999999999999999999999999999999
5 11950 20251021319999999999999999999999999999999999999999999999999999999999999
6 11950 202510     9999999999999999999999 999 99
- 11950 202511      PORT LAMBTON, ONTARIO            17465024239 8230      EST1
5 11950 2025110110      99999999999999999999999999999999999999999999999999
5 11950 2025111120      99999999999999999999999999999999999999999999999999
5 11950 202511213099999999999999999999999999999999999999999999999999999999
6 11950 202511     9999999999999999999999 999 99
- 11950 202512      PORT LAMBTON, ONTARIO            17465024239 8230      EST1
5 11950 2025120110      99999999999999999999999999999999999999999999999999
5 11950 2025121120      99999999999999999999999999999999999999999999999999
5 11950 20251221319999999999999999999999999999999999999999999999999999999999999
6 11950 202512     9999999999999999999999 999 99
- 11965 202501      BELLE RIVER, ONTARIO             17440024218 8243      EST1
5 11965 2025010110      99999999999999999999999999999999999999999999999999
5 11965 2025011120      99999999999999999999999999999999999999999999999999
5 11965 20250121319999999999999999999999999999999999999999999999999999999999999
6 11965 202501     9999999999999999999999 999 99
- 11965 202502      BELLE RIVER, ONTARIO             17440024218 8243      EST1
5 11965 2025020110      99999999999999999999999999999999999999999999999999
5 11965 2025021120      99999999999999999999999999999999999999999999999999
5 11965 20250221289999999999999999999999999999999999999999999999
6 11965 202502     9999999999999999999999 999 99
- 11965 202503      BELLE RIVER, ONTARIO             17440024218 8243      EST1
5 11965 2025030110      99999999999999999999999999999999999999999999999999
5 11965 2025031120      99999999999999999999999999999999999999999999999999
5 11965 20250321319999999999999999999999999999999999999999999999999999999999999
6 11965 202503     9999999999999999999999 999 99
- 11965 202504      BELLE RIVER, ONTARIO             17440024218 8243      EST1
5 11965 2025040110      99999999999999999999999999999999999999999999999999
5 11965 2025041120      99999999999999999999999999999999999999999999999999
5 11965 202504213099999999999999999999999999999999999999999999999999999999
6 11965 202504     9999999999999999999999 999 99
- 11965 202505      BELLE RIVER, ONTARIO             17440024218 8243      EST1
5 11965 2025050110      99999999999999999999999999999999999999999999999999
5 11965 2025051120      99999999999999999999999999999999999999999999999999
5 11965 20250521319999999999999999999999999999999999999999999999999999999999999
6 11965 202505     9999999999999999999999 999 99
- 11965 202506      BELLE RIVER, ONTARIO             17440024218 8243      EST1
5 11965 2025060110      99999999999999999999999999999999999999999999999999
5 11965 2025061120      99999999999999999999999999999999999999999999999999
5 11965 202506213099999999999999999999999999999999999999999999999999999999
6 11965 202506     9999999999999999999999 999 99
- 11965 202507      BELLE RIVER, ONTARIO             17440024218 8243      EST1
5 11965 2025070110      99999999999999999999999999999999999999999999999999
5 11965 2025071120      99999999999999999999999999999999999999999999999999
5 11965 20250721319999999999999999999999999999999999999999999999999999999999999
6 11965 202507     9999999999999999999999 999 99
- 11965 202508      BELLE RIVER, ONTARIO             17440024218 8243      EST1
5 11965 2025080110      99999999999999999999999999999999999999999999999999
5 11965 2025081120      99999999999999999999999999999999999999999999999999
5 11965 20250821319999999999999999999999999999999999999999999999999999999999999
6 11965 202508     9999999999999999999999 999 99
- 11965 202509      BELLE RIVER, ONTARIO             17440024218 8243      EST1
5 11965 2025090110      99999999999999999999999999999999999999999999999999
5 11965 2025091120      99999999999999999999999999999999999999999999999999
5 11965 202509213099999999999999999999999999999999999999999999999999999999
6 11965 202509     9999999999999999999999 999 99
- 11965 202510      BELLE RIVER, ONTARIO             17440024218 8243      EST1
5 11965 2025100110      99999999999999999999999999999999999999999999999999
5 11965 2025101120      99999999999999999999999999999999999999999999999999
5 11965 20251021319999999999999999999999999999999999999999999999999999999999999
6 11965 202510     9999999999999999999999 999 99
- 11965 202511      BELLE RIVER, ONTARIO             17440024218 8243      EST1
5 11965 2025110110      99999999999999999999999999999999999999999999999999
5 11965 2025111120      99999999999999999999999999999999999999999999999999
5 11965 202511213099999999999999999999999999999999999999999999999999999999
6 11965 202511     9999999999999999999999 999 99
- 11965 202512      BELLE RIVER, ONTARIO             17440024218 8243      EST1
5 11965 2025120110      99999999999999999999999999999999999999999999999999
5 11965 2025121120      99999999999999999999999999999999999999999999999999
5 11965 20251221319999999999999999999999999999999999999999999999999999999999999
6 11965 202512     9999999999999999999999 999 99
- 11995 202501      AMHERSTBURG, ONTARIO             17387024209 8307      EST1
5 11995 2025010110      99999999999999999999999999999999999999999999999999
5 11995 2025011120      99999999999999999999999999999999999999999999999999
5 11995 20250121319999999999999999999999999999999999999999999999999999999999999
6 11995 202501     9999999999999999999999 999 99
- 11995 202502      AMHERSTBURG, ONTARIO             17387024209 8307      EST1
5 11995 2025020110      99999999999999999999999999999999999999999999999999
5 11995 2025021120      99999999999999999999999999999999999999999999999999
5 11995 20250221289999999999999999999999999999999999999999999999
6 11995 202502     9999999999999999999999 999 99
- 11995 202503      AMHERSTBURG, ONTARIO             17387024209 8307      EST1
5 11995 2025030110      99999999999999999999999999999999999999999999999999
5 11995 2025031120      99999999999999999999999999999999999999999999999999
5 11995 20250321319999999999999999999999999999999999999999999999999999999999999
6 11995 202503     9999999999999999999999 999 99
- 11995 202504      AMHERSTBURG, ONTARIO             17387024209 8307      EST1
5 11995 2025040110      99999999999999999999999999999999999999999999999999
5 11995 2025041120      99999999999999999999999999999999999999999999999999
5 11995 202504213099999999999999999999999999999999999999999999999999999999
6 11995 202504     9999999999999999999999 999 99
- 11995 202505      AMHERSTBURG, ONTARIO             17387024209 8307      EST1
5 11995 2025050110      99999999999999999999999999999999999999999999999999
5 11995 2025051120      99999999999999999999999999999999999999999999999999
5 11995 20250521319999999999999999999999999999999999999999999999999999999999999
6 11995 202505     9999999999999999999999 999 99
- 11995 202506      AMHERSTBURG, ONTARIO             17387024209 8307      EST1
5 11995 2025060110      99999999999999999999999999999999999999999999999999
5 11995 2025061120      99999999999999999999999999999999999999999999999999
5 11995 202506213099999999999999999999999999999999999999999999999999999999
6 11995 202506     9999999999999999999999 999 99
- 11995 202507      AMHERSTBURG, ONTARIO             17387024209 8307      EST1
5 11995 2025070110      99999999999999999999999999999999999999999999999999
5 11995 2025071120      99999999999999999999999999999999999999999999999999
5 11995 20250721319999999999999999999999999999999999999999999999999999999999999
6 11995 202507     9999999999999999999999 999 99
- 11995 202508      AMHERSTBURG, ONTARIO             17387024209 8307      EST1
5 11995 2025080110      99999999999999999999999999999999999999999999999999
5 11995 2025081120      99999999999999999999999999999999999999999999999999
5 11995 20250821319999999999999999999999999999999999999999999999999999999999999
6 11995 202508     9999999999999999999999 999 99
- 11995 202509      AMHERSTBURG, ONTARIO             17387024209 8307      EST1
5 11995 2025090110      99999999999999999999999999999999999999999999999999
5 11995 2025091120      99999999999999999999999999999999999999999999999999
5 11995 202509213099999999999999999999999999999999999999999999999999999999
6 11995 202509     9999999999999999999999 999 99
- 11995 202510      AMHERSTBURG, ONTARIO             17387024209 8307      EST1
5 11995 2025100110      99999999999999999999999999999999999999999999999999
5 11995 2025101120      99999999999999999999999999999999999999999999999999
5 11995 20251021319999999999999999999999999999999999999999999999999999999999999
6 11995 202510     9999999999999999999999 999 99
- 11995 202511      AMHERSTBURG, ONTARIO             17387024209 8307      EST1
5 11995 2025110110      99999999999999999999999999999999999999999999999999
5 11995 2025111120      99999999999999999999999999999999999999999999999999
5 11995 202511213099999999999999999999999999999999999999999999999999999999
6 11995 202511     9999999999999999999999 999 99
- 11995 202512      AMHERSTBURG, ONTARIO             17387024209 8307      EST1
5 11995 2025120110      99999999999999999999999999999999999999999999999999
5 11995 2025121120      99999999999999999999999999999999999999999999999999
5 11995 20251221319999999999999999999999999999999999999999999999999999999999999
6 11995 202512     9999999999999999999999 999 99
- 12005 202501      BAR POINT, ONTARIO               17350024204 8307      EST1
5 12005 2025010110      99999999999999999999999999999999999999999999999999
5 12005 2025011120      99999999999999999999999999999999999999999999999999
5 12005 20250121319999999999999999999999999999999999999999999999999999999999999
6 12005 202501     9999999999999999999999 999 99
- 12005 202502      BAR POINT, ONTARIO               17350024204 8307      EST1
5 12005 2025020110      99999999999999999999999999999999999999999999999999
5 12005 2025021120      99999999999999999999999999999999999999999999999999
5 12005 20250221289999999999999999999999999999999999999999999999
6 12005 202502     9999999999999999999999 999 99
- 12005 202503      BAR POINT, ONTARIO               17350024204 8307      EST1
5 12005 2025030110      99999999999999999999999999999999999999999999999999
5 12005 2025031120      99999999999999999999999999999999999999999999999999
5 12005 20250321319999999999999999999999999999999999999999999999999999999999999
6 12005 202503     9999999999999999999999 999 99
- 12005 202504      BAR POINT, ONTARIO               17350024204 8307      EST1
5 12005 2025040110      99999999999999999999999999999999999999999999999999
5 12005 2025041120      99999999999999999999999999999999999999999999999999
5 12005 202504213099999999999999999999999999999999999999999999999999999999
6 12005 202504     9999999999999999999999 999 99
- 12005 202505      BAR POINT, ONTARIO               17350024204 8307      EST1
5 12005 2025050110      99999999999999999999999999999999999999999999999999
5 12005 2025051120      99999999999999999999999999999999999999999999999999
5 12005 20250521319999999999999999999999999999999999999999999999999999999999999
6 12005 202505     9999999999999999999999 999 99
- 12005 202506      BAR POINT, ONTARIO               17350024204 8307      EST1
5 12005 2025060110      99999999999999999999999999999999999999999999999999
5 12005 2025061120      99999999999999999999999999999999999999999999999999
5 12005 202506213099999999999999999999999999999999999999999999999999999999
6 12005 202506     9999999999999999999999 999 99
- 12005 202507      BAR POINT, ONTARIO               17350024204 8307      EST1
5 12005 2025070110      99999999999999999999999999999999999999999999999999
5 12005 2025071120      99999999999999999999999999999999999999999999999999
5 12005 20250721319999999999999999999999999999999999999999999999999999999999999
6 12005 202507     9999999999999999999999 999 99
- 12005 202508      BAR POINT, ONTARIO               17350024204 8307      EST1
5 12005 2025080110      99999999999999999999999999999999999999999999999999
5 12005 2025081120      99999999999999999999999999999999999999999999999999
5 12005 20250821319999999999999999999999999999999999999999999999999999999999999
6 12005 202508     9999999999999999999999 999 99
- 12005 202509      BAR POINT, ONTARIO               17350024204 8307      EST1
5 12005 2025090110      99999999999999999999999999999999999999999999999999
5 12005 2025091120      99999999999999999999999999999999999999999999999999
5 12005 202509213099999999999999999999999999999999999999999999999999999999
6 12005 202509     9999999999999999999999 999 99
- 12005 202510      BAR POINT, ONTARIO               17350024204 8307      EST1
5 12005 2025100110      99999999999999999999999999999999999999999999999999
5 12005 2025101120      99999999999999999999999999999999999999999999999999
5 12005 20251021319999999999999999999999999999999999999999999999999999999999999
6 12005 202510     9999999999999999999999 999 99
- 12005 202511      BAR POINT, ONTARIO               17350024204 8307      EST1
5 12005 2025110110      99999999999999999999999999999999999999999999999999
5 12005 2025111120      99999999999999999999999999999999999999999999999999
5 12005 202511213099999999999999999999999999999999999999999999999999999999
6 12005 202511     9999999999999999999999 999 99
- 12005 202512      BAR POINT, ONTARIO               17350024204 8307      EST1
5 12005 2025120110      99999999999999999999999999999999999999999999999999
5 12005 2025121120      99999999999999999999999999999999999999999999999999
5 12005 20251221319999999999999999999999999999999999999999999999999999999999999
6 12005 202512     9999999999999999999999 999 99
- 12065 202501      KINGSVILLE, ONTARIO              17350024202 8244      EST1
5 12065 2025010110      99999999999999999999999999999999999999999999999999
5 12065 2025011120      99999999999999999999999999999999999999999999999999
5 12065 20250121319999999999999999999999999999999999999999999999999999999999999
6 12065 202501     9999999999999999999999 999 99
- 12065 202502      KINGSVILLE, ONTARIO              17350024202 8244      EST1
5 12065 2025020110      99999999999999999999999999999999999999999999999999
5 12065 2025021120      99999999999999999999999999999999999999999999999999
5 12065 20250221289999999999999999999999999999999999999999999999
6 12065 202502     9999999999999999999999 999 99
- 12065 202503      KINGSVILLE, ONTARIO              17350024202 8244      EST1
5 12065 2025030110      99999999999999999999999999999999999999999999999999
5 12065 2025031120      99999999999999999999999999999999999999999999999999
5 12065 20250321319999999999999999999999999999999999999999999999999999999999999
6 12065 202503     9999999999999999999999 999 99
- 12065 202504      KINGSVILLE, ONTARIO              17350024202 8244      EST1
5 12065 2025040110      99999999999999999999999999999999999999999999999999
5 12065 2025041120      99999999999999999999999999999999999999999999999999
5 12065 202504213099999999999999999999999999999999999999999999999999999999
6 12065 202504     9999999999999999999999 999 99
- 12065 202505      KINGSVILLE, ONTARIO              17350024202 8244      EST1
5 12065 2025050110      99999999999999999999999999999999999999999999999999
5 12065 2025051120      99999999999999999999999999999999999999999999999999
5 12065 20250521319999999999999999999999999999999999999999999999999999999999999
6 12065 202505     9999999999999999999999 999 99
- 12065 202506      KINGSVILLE, ONTARIO              17350024202 8244      EST1
5 12065 2025060110      99999999999999999999999999999999999999999999999999
5 12065 2025061120      99999999999999999999999999999999999999999999999999
5 12065 202506213099999999999999999999999999999999999999999999999999999999
6 12065 202506     9999999999999999999999 999 99
- 12065 202507      KINGSVILLE, ONTARIO              17350024202 8244      EST1
5 12065 2025070110      99999999999999999999999999999999999999999999999999
5 12065 2025071120      99999999999999999999999999999999999999999999999999
5 12065 20250721319999999999999999999999999999999999999999999999999999999999999
6 12065 202507     9999999999999999999999 999 99
- 12065 202508      KINGSVILLE, ONTARIO              17350024202 8244      EST1
5 12065 2025080110      99999999999999999999999999999999999999999999999999
5 12065 2025081120      99999999999999999999999999999999999999999999999999
5 12065 20250821319999999999999999999999999999999999999999999999999999999999999
6 12065 202508     9999999999999999999999 999 99
- 12065 202509      KINGSVILLE, ONTARIO              17350024202 8244      EST1
5 12065 2025090110      99999999999999999999999999999999999999999999999999
5 12065 2025091120      99999999999999999999999999999999999999999999999999
5 12065 202509213099999999999999999999999999999999999999999999999999999999
6 12065 202509     9999999999999999999999 999 99
- 12065 202510      KINGSVILLE, ONTARIO              17350024202 8244      EST1
5 12065 2025100110      99999999999999999999999999999999999999999999999999
5 12065 2025101120      99999999999999999999999999999999999999999999999999
5 12065 20251021319999999999999999999999999999999999999999999999999999999999999
6 12065 202510     9999999999999999999999 999 99
- 12065 202511      KINGSVILLE, ONTARIO              17350024202 8244      EST1
5 12065 2025110110      99999999999999999999999999999999999999999999999999
5 12065 2025111120      99999999999999999999999999999999999999999999999999
5 12065 202511213099999999999999999999999999999999999999999999999999999999
6 12065 202511     9999999999999999999999 999 99
- 12065 202512      KINGSVILLE, ONTARIO              17350024202 8244      EST1
5 12065 2025120110      99999999999999999999999999999999999999999999999999
5 12065 2025121120      99999999999999999999999999999999999999999999999999
5 12065 20251221319999999999999999999999999999999999999999999999999999999999999
6 12065 202512     9999999999999999999999 999 99
- 12250 202501      ERIEAU, ONTARIO                  17350024216 8155      EST1
5 12250 2025010110      99999999999999999999999999999999999999999999999999
5 12250 2025011120      99999999999999999999999999999999999999999999999999
5 12250 20250121319999999999999999999999999999999999999999999999999999999999999
6 12250 202501     9999999999999999999999 999 99
- 12250 202502      ERIEAU, ONTARIO                  17350024216 8155      EST1
5 12250 2025020110      99999999999999999999999999999999999999999999999999
5 12250 2025021120      99999999999999999999999999999999999999999999999999
5 12250 20250221289999999999999999999999999999999999999999999999
6 12250 202502     9999999999999999999999 999 99
- 12250 202503      ERIEAU, ONTARIO                  17350024216 8155      EST1
5 12250 2025030110      99999999999999999999999999999999999999999999999999
5 12250 2025031120      99999999999999999999999999999999999999999999999999
5 12250 20250321319999999999999999999999999999999999999999999999999999999999999
6 12250 202503     9999999999999999999999 999 99
- 12250 202504      ERIEAU, ONTARIO                  17350024216 8155      EST1
5 12250 2025040110      99999999999999999999999999999999999999999999999999
5 12250 2025041120      99999999999999999999999999999999999999999999999999
5 12250 202504213099999999999999999999999999999999999999999999999999999999
6 12250 202504     9999999999999999999999 999 99
- 12250 202505      ERIEAU, ONTARIO                  17350024216 8155      EST1
5 12250 2025050110      99999999999999999999999999999999999999999999999999
5 12250 2025051120      99999999999999999999999999999999999999999999999999
5 12250 20250521319999999999999999999999999999999999999999999999999999999999999
6 12250 202505     9999999999999999999999 999 99
- 12250 202506      ERIEAU, ONTARIO                  17350024216 8155      EST1
5 12250 2025060110      99999999999999999999999999999999999999999999999999
5 12250 2025061120      99999999999999999999999999999999999999999999999999
5 12250 202506213099999999999999999999999999999999999999999999999999999999
6 12250 202506     9999999999999999999999 999 99
- 12250 202507      ERIEAU, ONTARIO                  17350024216 8155      EST1
5 12250 2025070110      99999999999999999999999999999999999999999999999999
5 12250 2025071120      99999999999999999999999999999999999999999999999999
5 12250 20250721319999999999999999999999999999999999999999999999999999999999999
6 12250 202507     9999999999999999999999 999 99
- 12250 202508      ERIEAU, ONTARIO                  17350024216 8155      EST1
5 12250 2025080110      99999999999999999999999999999999999999999999999999
5 12250 2025081120      99999999999999999999999999999999999999999999999999
5 12250 20250821319999999999999999999999999999999999999999999999999999999999999
6 12250 202508     9999999999999999999999 999 99
- 12250 202509      ERIEAU, ONTARIO                  17350024216 8155      EST1
5 12250 2025090110      99999999999999999999999999999999999999999999999999
5 12250 2025091120      99999999999999999999999999999999999999999999999999
5 12250 202509213099999999999999999999999999999999999999999999999999999999
6 12250 202509     9999999999999999999999 999 99
- 12250 202510      ERIEAU, ONTARIO                  17350024216 8155      EST1
5 12250 2025100110      99999999999999999999999999999999999999999999999999
5 12250 2025101120      99999999999999999999999999999999999999999999999999
5 12250 20251021319999999999999999999999999999999999999999999999999999999999999
6 12250 202510     9999999999999999999999 999 99
- 12250 202511      ERIEAU, ONTARIO                  17350024216 8155      EST1
5 12250 2025110110      99999999999999999999999999999999999999999999999999
5 12250 2025111120      99999999999999999999999999999999999999999999999999
5 12250 202511213099999999999999999999999999999999999999999999999999999999
6 12250 202511     9999999999999999999999 999 99
- 12250 202512      ERIEAU, ONTARIO                  17350024216 8155      EST1
5 12250 2025120110      99999999999999999999999999999999999999999999999999
5 12250 2025121120      99999999999999999999999999999999999999999999999999
5 12250 20251221319999999999999999999999999999999999999999999999999999999999999
6 12250 202512     9999999999999999999999 999 99
- 12400 202501      PORT STANLEY, ONTARIO            17350024239 8113      EST1
5 12400 2025010110      99999999999999999999999999999999999999999999999999
5 12400 2025011120      99999999999999999999999999999999999999999999999999
5 12400 20250121319999999999999999999999999999999999999999999999999999999999999
6 12400 202501     9999999999999999999999 999 99
- 12400 202502      PORT STANLEY, ONTARIO            17350024239 8113      EST1
5 12400 2025020110      99999999999999999999999999999999999999999999999999
5 12400 2025021120      99999999999999999999999999999999999999999999999999
5 12400 20250221289999999999999999999999999999999999999999999999
6 12400 202502     9999999999999999999999 999 99
- 12400 202503      PORT STANLEY, ONTARIO            17350024239 8113      EST1
5 12400 2025030110      99999999999999999999999999999999999999999999999999
5 12400 2025031120      99999999999999999999999999999999999999999999999999
5 12400 20250321319999999999999999999999999999999999999999999999999999999999999
6 12400 202503     9999999999999999999999 999 99
- 12400 202504      PORT STANLEY, ONTARIO            17350024239 8113      EST1
5 12400 2025040110      99999999999999999999999999999999999999999999999999
5 12400 2025041120      99999999999999999999999999999999999999999999999999
5 12400 202504213099999999999999999999999999999999999999999999999999999999
6 12400 202504     9999999999999999999999 999 99
- 12400 202505      PORT STANLEY, ONTARIO            17350024239 8113      EST1
5 12400 2025050110      99999999999999999999999999999999999999999999999999
5 12400 2025051120      99999999999999999999999999999999999999999999999999
5 12400 20250521319999999999999999999999999999999999999999999999999999999999999
6 12400 202505     9999999999999999999999 999 99
- 12400 202506      PORT STANLEY, ONTARIO            17350024239 8113      EST1
5 12400 2025060110      99999999999999999999999999999999999999999999999999
5 12400 2025061120      99999999999999999999999999999999999999999999999999
5 12400 202506213099999999999999999999999999999999999999999999999999999999
6 12400 202506     9999999999999999999999 999 99
- 12400 202507      PORT STANLEY, ONTARIO            17350024239 8113      EST1
5 12400 2025070110      99999999999999999999999999999999999999999999999999
5 12400 2025071120      99999999999999999999999999999999999999999999999999
5 12400 20250721319999999999999999999999999999999999999999999999999999999999999
6 12400 202507     9999999999999999999999 999 99
- 12400 202508      PORT STANLEY, ONTARIO            17350024239 8113      EST1
5 12400 2025080110      99999999999999999999999999999999999999999999999999
5 12400 2025081120      99999999999999999999999999999999999999999999999999
5 12400 20250821319999999999999999999999999999999999999999999999999999999999999
6 12400 202508     9999999999999999999999 999 99
- 12400 202509      PORT STANLEY, ONTARIO            17350024239 8113      EST1
5 12400 2025090110      99999999999999999999999999999999999999999999999999
5 12400 2025091120      99999999999999999999999999999999999999999999999999
